1000
insert 0 1 83
insert 1 1 246
join 0 169 1 2
insert 3 1 354
join 2 261 3 4
insert 5 1 475
join 4 389 5 6
insert 7 1 616
join 6 567 7 8
insert 9 1 699
join 8 637 9 10
insert 11 1 816
join 10 726 11 12
insert 13 1 938
join 12 875 13 14
insert 15 1 1004
join 14 964 15 16
insert 17 1 1102
join 16 1030 17 18
insert 19 1 1149
join 18 1138 19 20
insert 21 1 1284
join 20 1217 21 22
insert 23 1 1395
join 22 1313 23 24
insert 25 1 1487
join 24 1425 25 26
insert 27 1 1577
join 26 1510 27 28
insert 29 1 1641
join 28 1612 29 30
insert 31 1 1665
join 30 1643 31 32
insert 33 1 1792
join 32 1723 33 34
insert 35 1 1952
join 34 1859 35 36
insert 37 1 2019
join 36 2008 37 38
insert 39 1 2090
join 38 2061 39 40
insert 41 1 2184
join 40 2163 41 42
insert 43 1 2287
join 42 2203 43 44
insert 45 1 2422
join 44 2324 45 46
insert 47 1 2461
join 46 2446 47 48
insert 49 1 2544
join 48 2531 49 50
insert 51 1 2661
join 50 2570 51 52
insert 53 1 2797
join 52 2741 53 54
insert 55 1 2932
join 54 2870 55 56
insert 57 1 3098
join 56 3002 57 58
insert 59 1 3184
join 58 3179 59 60
insert 61 1 3293
join 60 3209 61 62
insert 63 1 3356
join 62 3320 63 64
insert 65 1 3407
join 64 3361 65 66
insert 67 1 3449
join 66 3436 67 68
insert 69 1 3530
join 68 3506 69 70
insert 71 1 3707
join 70 3625 71 72
insert 73 1 3766
join 72 3752 73 74
insert 75 1 3867
join 74 3833 75 76
insert 77 1 3974
join 76 3931 77 78
insert 79 1 4111
join 78 4024 79 80
insert 81 1 4195
join 80 4119 81 82
insert 83 1 4361
join 82 4273 83 84
insert 85 1 4448
join 84 4445 85 86
insert 87 1 4553
join 86 4499 87 88
insert 89 1 4684
join 88 4652 89 90
insert 91 1 4820
join 90 4744 91 92
insert 93 1 4927
join 92 4888 93 94
insert 95 1 4965
join 94 4939 95 96
insert 97 1 5145
join 96 5051 97 98
insert 99 1 5279
join 98 5184 99 100
insert 101 1 5383
join 100 5349 101 102
insert 103 1 5528
join 102 5461 103 104
insert 105 1 5626
join 104 5529 105 106
insert 107 1 5645
join 106 5628 107 108
insert 109 1 5789
join 108 5737 109 110
insert 111 1 5846
join 110 5845 111 112
insert 113 1 6012
join 112 5926 113 114
insert 115 1 6118
join 114 6053 115 116
insert 117 1 6251
join 116 6207 117 118
insert 119 1 6310
join 118 6270 119 120
insert 121 1 6370
join 120 6339 121 122
insert 123 1 6484
join 122 6387 123 124
insert 125 1 6636
join 124 6555 125 126
insert 127 1 6720
join 126 6711 127 128
insert 129 1 6814
join 128 6747 129 130
insert 131 1 6967
join 130 6870 131 132
insert 133 1 7106
join 132 7020 133 134
insert 135 1 7177
join 134 7171 135 136
insert 137 1 7279
join 136 7260 137 138
insert 139 1 7331
join 138 7303 139 140
insert 141 1 7434
join 140 7402 141 142
insert 143 1 7466
join 142 7463 143 144
insert 145 1 7555
join 144 7485 145 146
insert 147 1 7631
join 146 7623 147 148
insert 149 1 7686
join 148 7646 149 150
insert 151 1 7831
join 150 7735 151 152
insert 153 1 7872
join 152 7854 153 154
insert 155 1 7963
join 154 7917 155 156
insert 157 1 8035
join 156 8014 157 158
insert 159 1 8169
join 158 8090 159 160
insert 161 1 8321
join 160 8257 161 162
insert 163 1 8390
join 162 8349 163 164
insert 165 1 8533
join 164 8440 165 166
insert 167 1 8567
join 166 8533 167 168
insert 169 1 8655
join 168 8631 169 170
insert 171 1 8756
join 170 8669 171 172
insert 173 1 8855
join 172 8812 173 174
insert 175 1 8973
join 174 8946 175 176
insert 177 1 9097
join 176 9038 177 178
insert 179 1 9165
join 178 9133 179 180
insert 181 1 9253
join 180 9216 181 182
insert 183 1 9356
join 182 9281 183 184
insert 185 1 9437
join 184 9363 185 186
insert 187 1 9516
join 186 9458 187 188
insert 189 1 9640
join 188 9611 189 190
insert 191 1 9712
join 190 9677 191 192
insert 193 1 9823
join 192 9805 193 194
insert 195 1 9894
join 194 9851 195 196
insert 197 1 9933
join 196 9905 197 198
insert 199 1 10038
join 198 9962 199 200
insert 201 1 10085
join 200 10042 201 202
insert 203 1 10161
join 202 10148 203 204
insert 205 1 10205
join 204 10199 205 206
insert 207 1 10249
join 206 10245 207 208
insert 209 1 10295
join 208 10267 209 210
insert 211 1 10452
join 210 10383 211 212
insert 213 1 10486
join 212 10469 213 214
insert 215 1 10606
join 214 10582 215 216
insert 217 1 10719
join 216 10649 217 218
insert 219 1 10892
join 218 10802 219 220
insert 221 1 11063
join 220 10991 221 222
insert 223 1 11132
join 222 11088 223 224
insert 225 1 11227
join 224 11222 225 226
insert 227 1 11320
join 226 11266 227 228
insert 229 1 11475
join 228 11406 229 230
insert 231 1 11599
join 230 11557 231 232
insert 233 1 11760
join 232 11663 233 234
insert 235 1 11822
join 234 11767 235 236
insert 237 1 11874
join 236 11826 237 238
insert 239 1 11907
join 238 11885 239 240
insert 241 1 12034
join 240 11935 241 242
insert 243 1 12123
join 242 12077 243 244
insert 245 1 12231
join 244 12191 245 246
insert 247 1 12264
join 246 12253 247 248
insert 249 1 12279
join 248 12274 249 250
insert 251 1 12341
join 250 12280 251 252
insert 253 1 12449
join 252 12371 253 254
insert 255 1 12474
join 254 12454 255 256
insert 257 1 12554
join 256 12510 257 258
insert 259 1 12602
join 258 12580 259 260
insert 261 1 12675
join 260 12667 261 262
insert 263 1 12773
join 262 12691 263 264
insert 265 1 12855
join 264 12831 265 266
insert 267 1 12954
join 266 12892 267 268
insert 269 1 12978
join 268 12978 269 270
insert 271 1 13066
join 270 13014 271 272
insert 273 1 13244
join 272 13165 273 274
insert 275 1 13362
join 274 13294 275 276
insert 277 1 13506
join 276 13433 277 278
insert 279 1 13618
join 278 13537 279 280
insert 281 1 13681
join 280 13648 281 282
insert 283 1 13835
join 282 13775 283 284
insert 285 1 13997
join 284 13898 285 286
insert 287 1 14177
join 286 14078 287 288
insert 289 1 14332
join 288 14273 289 290
insert 291 1 14418
join 290 14405 291 292
insert 293 1 14576
join 292 14486 293 294
insert 295 1 14697
join 294 14671 295 296
insert 297 1 14847
join 296 14763 297 298
insert 299 1 14977
join 298 14887 299 300
insert 301 1 15137
join 300 15061 301 302
insert 303 1 15215
join 302 15179 303 304
insert 305 1 15267
join 304 15222 305 306
insert 307 1 15402
join 306 15323 307 308
insert 309 1 15507
join 308 15420 309 310
insert 311 1 15567
join 310 15519 311 312
insert 313 1 15698
join 312 15639 313 314
insert 315 1 15743
join 314 15707 315 316
insert 317 1 15795
join 316 15753 317 318
insert 319 1 15888
join 318 15882 319 320
insert 321 1 15902
join 320 15889 321 322
insert 323 1 15995
join 322 15974 323 324
insert 325 1 16069
join 324 16050 325 326
insert 327 1 16189
join 326 16168 327 328
insert 329 1 16232
join 328 16193 329 330
insert 331 1 16283
join 330 16243 331 332
insert 333 1 16355
join 332 16350 333 334
insert 335 1 16410
join 334 16383 335 336
insert 337 1 16544
join 336 16460 337 338
insert 339 1 16622
join 338 16602 339 340
insert 341 1 16668
join 340 16646 341 342
insert 343 1 16833
join 342 16737 343 344
insert 345 1 16944
join 344 16914 345 346
insert 347 1 17120
join 346 17028 347 348
insert 349 1 17264
join 348 17192 349 350
insert 351 1 17339
join 350 17314 351 352
insert 353 1 17446
join 352 17424 353 354
insert 355 1 17585
join 354 17545 355 356
insert 357 1 17725
join 356 17627 357 358
insert 359 1 17836
join 358 17738 359 360
insert 361 1 17950
join 360 17926 361 362
insert 363 1 18049
join 362 18040 363 364
insert 365 1 18149
join 364 18130 365 366
insert 367 1 18217
join 366 18185 367 368
insert 369 1 18366
join 368 18272 369 370
insert 371 1 18449
join 370 18370 371 372
insert 373 1 18591
join 372 18518 373 374
insert 375 1 18717
join 374 18667 375 376
insert 377 1 18832
join 376 18772 377 378
insert 379 1 18953
join 378 18874 379 380
insert 381 1 19130
join 380 19037 381 382
insert 383 1 19156
join 382 19135 383 384
insert 385 1 19227
join 384 19223 385 386
insert 387 1 19301
join 386 19240 387 388
insert 389 1 19381
join 388 19355 389 390
insert 391 1 19484
join 390 19440 391 392
insert 393 1 19488
join 392 19486 393 394
insert 395 1 19578
join 394 19494 395 396
insert 397 1 19641
join 396 19599 397 398
insert 399 1 19737
join 398 19709 399 400
insert 401 1 19898
join 400 19826 401 402
insert 403 1 19964
join 402 19906 403 404
insert 405 1 20098
join 404 20062 405 406
insert 407 1 20159
join 406 20106 407 408
insert 409 1 20210
join 408 20207 409 410
insert 411 1 20276
join 410 20243 411 412
insert 413 1 20414
join 412 20324 413 414
insert 415 1 20535
join 414 20468 415 416
insert 417 1 20649
join 416 20581 417 418
insert 419 1 20678
join 418 20678 419 420
insert 421 1 20812
join 420 20724 421 422
insert 423 1 20958
join 422 20909 423 424
insert 425 1 21051
join 424 21048 425 426
insert 427 1 21147
join 426 21084 427 428
insert 429 1 21297
join 428 21244 429 430
insert 431 1 21475
join 430 21389 431 432
insert 433 1 21552
join 432 21500 433 434
insert 435 1 21723
join 434 21648 435 436
insert 437 1 21868
join 436 21811 437 438
insert 439 1 21933
join 438 21897 439 440
insert 441 1 22007
join 440 21993 441 442
insert 443 1 22088
join 442 22028 443 444
insert 445 1 22120
join 444 22092 445 446
insert 447 1 22197
join 446 22147 447 448
insert 449 1 22301
join 448 22245 449 450
insert 451 1 22397
join 450 22303 451 452
insert 453 1 22593
join 452 22494 453 454
insert 455 1 22675
join 454 22636 455 456
insert 457 1 22705
join 456 22677 457 458
insert 459 1 22708
join 458 22708 459 460
insert 461 1 22836
join 460 22789 461 462
insert 463 1 22933
join 462 22874 463 464
insert 465 1 23019
join 464 22984 465 466
insert 467 1 23092
join 466 23053 467 468
insert 469 1 23199
join 468 23184 469 470
insert 471 1 23230
join 470 23226 471 472
insert 473 1 23308
join 472 23259 473 474
insert 475 1 23457
join 474 23372 475 476
insert 477 1 23529
join 476 23486 477 478
insert 479 1 23641
join 478 23564 479 480
insert 481 1 23679
join 480 23641 481 482
insert 483 1 23799
join 482 23750 483 484
insert 485 1 23955
join 484 23888 485 486
insert 487 1 24135
join 486 24043 487 488
insert 489 1 24273
join 488 24230 489 490
insert 491 1 24346
join 490 24317 491 492
insert 493 1 24518
join 492 24436 493 494
insert 495 1 24599
join 494 24558 495 496
insert 497 1 24694
join 496 24668 497 498
insert 499 1 24787
join 498 24726 499 500
insert 501 1 24889
join 500 24829 501 502
insert 503 1 24929
join 502 24906 503 504
insert 505 1 25071
join 504 24990 505 506
insert 507 1 25170
join 506 25080 507 508
insert 509 1 25291
join 508 25195 509 510
insert 511 1 25435
join 510 25358 511 512
insert 513 1 25559
join 512 25469 513 514
insert 515 1 25609
join 514 25585 515 516
insert 517 1 25680
join 516 25666 517 518
insert 519 1 25753
join 518 25748 519 520
insert 521 1 25823
join 520 25811 521 522
insert 523 1 25909
join 522 25909 523 524
insert 525 1 25981
join 524 25955 525 526
insert 527 1 26091
join 526 26075 527 528
insert 529 1 26221
join 528 26143 529 530
insert 531 1 26296
join 530 26250 531 532
insert 533 1 26433
join 532 26386 533 534
insert 535 1 26554
join 534 26503 535 536
insert 537 1 26665
join 536 26634 537 538
insert 539 1 26815
join 538 26758 539 540
insert 541 1 26854
join 540 26842 541 542
insert 543 1 26954
join 542 26940 543 544
insert 545 1 27021
join 544 27009 545 546
insert 547 1 27123
join 546 27111 547 548
insert 549 1 27212
join 548 27202 549 550
insert 551 1 27370
join 550 27281 551 552
insert 553 1 27499
join 552 27444 553 554
insert 555 1 27560
join 554 27540 555 556
insert 557 1 27680
join 556 27593 557 558
insert 559 1 27806
join 558 27768 559 560
insert 561 1 27942
join 560 27872 561 562
insert 563 1 28082
join 562 28026 563 564
insert 565 1 28105
join 564 28099 565 566
insert 567 1 28214
join 566 28165 567 568
insert 569 1 28256
join 568 28251 569 570
insert 571 1 28332
join 570 28315 571 572
insert 573 1 28395
join 572 28350 573 574
insert 575 1 28551
join 574 28478 575 576
insert 577 1 28682
join 576 28609 577 578
insert 579 1 28808
join 578 28719 579 580
insert 581 1 28898
join 580 28891 581 582
insert 583 1 29033
join 582 28976 583 584
insert 585 1 29118
join 584 29047 585 586
insert 587 1 29147
join 586 29147 587 588
insert 589 1 29224
join 588 29206 589 590
insert 591 1 29287
join 590 29262 591 592
insert 593 1 29449
join 592 29375 593 594
insert 595 1 29539
join 594 29482 595 596
insert 597 1 29713
join 596 29620 597 598
insert 599 1 29841
join 598 29771 599 600
insert 601 1 29957
join 600 29940 601 602
insert 603 1 30065
join 602 29996 603 604
insert 605 1 30150
join 604 30128 605 606
insert 607 1 30317
join 606 30244 607 608
insert 609 1 30395
join 608 30364 609 610
insert 611 1 30539
join 610 30457 611 612
insert 613 1 30721
join 612 30629 613 614
insert 615 1 30869
join 614 30812 615 616
insert 617 1 30905
join 616 30884 617 618
insert 619 1 31036
join 618 30962 619 620
insert 621 1 31174
join 620 31127 621 622
insert 623 1 31256
join 622 31225 623 624
insert 625 1 31314
join 624 31277 625 626
insert 627 1 31408
join 626 31354 627 628
insert 629 1 31536
join 628 31438 629 630
insert 631 1 31642
join 630 31561 631 632
insert 633 1 31674
join 632 31658 633 634
insert 635 1 31707
join 634 31676 635 636
insert 637 1 31842
join 636 31746 637 638
insert 639 1 31884
join 638 31846 639 640
insert 641 1 31982
join 640 31964 641 642
insert 643 1 32073
join 642 32003 643 644
insert 645 1 32147
join 644 32135 645 646
insert 647 1 32303
join 646 32226 647 648
insert 649 1 32424
join 648 32388 649 650
insert 651 1 32504
join 650 32428 651 652
insert 653 1 32594
join 652 32587 653 654
insert 655 1 32710
join 654 32653 655 656
insert 657 1 32853
join 656 32754 657 658
insert 659 1 32891
join 658 32864 659 660
insert 661 1 32977
join 660 32941 661 662
insert 663 1 33055
join 662 33037 663 664
insert 665 1 33123
join 664 33060 665 666
insert 667 1 33216
join 666 33172 667 668
insert 669 1 33232
join 668 33227 669 670
insert 671 1 33357
join 670 33266 671 672
insert 673 1 33487
join 672 33432 673 674
insert 675 1 33590
join 674 33501 675 676
insert 677 1 33751
join 676 33658 677 678
insert 679 1 33774
join 678 33769 679 680
insert 681 1 33878
join 680 33856 681 682
insert 683 1 33977
join 682 33960 683 684
insert 685 1 34100
join 684 34007 685 686
insert 687 1 34200
join 686 34174 687 688
insert 689 1 34379
join 688 34293 689 690
insert 691 1 34475
join 690 34432 691 692
insert 693 1 34563
join 692 34549 693 694
insert 695 1 34655
join 694 34576 695 696
insert 697 1 34794
join 696 34732 697 698
insert 699 1 34957
join 698 34869 699 700
insert 701 1 34986
join 700 34976 701 702
insert 703 1 35112
join 702 35018 703 704
insert 705 1 35175
join 704 35129 705 706
insert 707 1 35247
join 706 35210 707 708
insert 709 1 35391
join 708 35338 709 710
insert 711 1 35507
join 710 35434 711 712
insert 713 1 35560
join 712 35535 713 714
insert 715 1 35661
join 714 35651 715 716
insert 717 1 35696
join 716 35679 717 718
insert 719 1 35795
join 718 35732 719 720
insert 721 1 35940
join 720 35850 721 722
insert 723 1 36028
join 722 35998 723 724
insert 725 1 36103
join 724 36032 725 726
insert 727 1 36197
join 726 36164 727 728
insert 729 1 36371
join 728 36282 729 730
insert 731 1 36448
join 730 36444 731 732
insert 733 1 36504
join 732 36499 733 734
insert 735 1 36622
join 734 36554 735 736
insert 737 1 36710
join 736 36625 737 738
insert 739 1 36811
join 738 36716 739 740
insert 741 1 36899
join 740 36850 741 742
insert 743 1 36986
join 742 36919 743 744
insert 745 1 37075
join 744 37012 745 746
insert 747 1 37248
join 746 37152 747 748
insert 749 1 37394
join 748 37329 749 750
insert 751 1 37490
join 750 37454 751 752
insert 753 1 37615
join 752 37545 753 754
insert 755 1 37644
join 754 37633 755 756
insert 757 1 37718
join 756 37686 757 758
insert 759 1 37893
join 758 37814 759 760
insert 761 1 37984
join 760 37914 761 762
insert 763 1 38140
join 762 38068 763 764
insert 765 1 38201
join 764 38167 765 766
insert 767 1 38324
join 766 38241 767 768
insert 769 1 38494
join 768 38396 769 770
insert 771 1 38587
join 770 38524 771 772
insert 773 1 38684
join 772 38634 773 774
insert 775 1 38787
join 774 38714 775 776
insert 777 1 38860
join 776 38801 777 778
insert 779 1 38929
join 778 38882 779 780
insert 781 1 39035
join 780 38953 781 782
insert 783 1 39102
join 782 39070 783 784
insert 785 1 39160
join 784 39106 785 786
insert 787 1 39301
join 786 39203 787 788
insert 789 1 39427
join 788 39387 789 790
insert 791 1 39564
join 790 39505 791 792
insert 793 1 39688
join 792 39626 793 794
insert 795 1 39812
join 794 39771 795 796
insert 797 1 39883
join 796 39860 797 798
insert 799 1 39979
join 798 39907 799 800
insert 801 1 40055
join 800 40001 801 802
insert 803 1 40111
join 802 40090 803 804
insert 805 1 40233
join 804 40168 805 806
insert 807 1 40351
join 806 40280 807 808
insert 809 1 40496
join 808 40427 809 810
insert 811 1 40515
join 810 40514 811 812
insert 813 1 40571
join 812 40518 813 814
insert 815 1 40611
join 814 40604 815 816
insert 817 1 40698
join 816 40670 817 818
insert 819 1 40801
join 818 40704 819 820
insert 821 1 40905
join 820 40821 821 822
insert 823 1 40947
join 822 40913 823 824
insert 825 1 41136
join 824 41045 825 826
insert 827 1 41310
join 826 41212 827 828
insert 829 1 41377
join 828 41325 829 830
insert 831 1 41537
join 830 41448 831 832
insert 833 1 41602
join 832 41596 833 834
insert 835 1 41628
join 834 41612 835 836
insert 837 1 41661
join 836 41652 837 838
insert 839 1 41700
join 838 41700 839 840
insert 841 1 41787
join 840 41778 841 842
insert 843 1 41921
join 842 41840 843 844
insert 845 1 41973
join 844 41935 845 846
insert 847 1 42088
join 846 42062 847 848
insert 849 1 42202
join 848 42155 849 850
insert 851 1 42312
join 850 42225 851 852
insert 853 1 42375
join 852 42343 853 854
insert 855 1 42478
join 854 42397 855 856
insert 857 1 42603
join 856 42553 857 858
insert 859 1 42772
join 858 42682 859 860
insert 861 1 42876
join 860 42826 861 862
insert 863 1 42920
join 862 42907 863 864
insert 865 1 43071
join 864 42977 865 866
insert 867 1 43233
join 866 43152 867 868
insert 869 1 43256
join 868 43236 869 870
insert 871 1 43371
join 870 43289 871 872
insert 873 1 43539
join 872 43452 873 874
insert 875 1 43650
join 874 43554 875 876
insert 877 1 43679
join 876 43675 877 878
insert 879 1 43793
join 878 43701 879 880
insert 881 1 43941
join 880 43844 881 882
insert 883 1 44007
join 882 43973 883 884
insert 885 1 44094
join 884 44088 885 886
insert 887 1 44166
join 886 44109 887 888
insert 889 1 44269
join 888 44174 889 890
insert 891 1 44430
join 890 44368 891 892
insert 893 1 44610
join 892 44527 893 894
insert 895 1 44740
join 894 44686 895 896
insert 897 1 44826
join 896 44817 897 898
insert 899 1 44945
join 898 44913 899 900
insert 901 1 45048
join 900 45027 901 902
insert 903 1 45177
join 902 45114 903 904
insert 905 1 45319
join 904 45237 905 906
insert 907 1 45415
join 906 45330 907 908
insert 909 1 45586
join 908 45501 909 910
insert 911 1 45706
join 910 45616 911 912
insert 913 1 45803
join 912 45789 913 914
insert 915 1 45895
join 914 45879 915 916
insert 917 1 46007
join 916 45915 917 918
insert 919 1 46060
join 918 46032 919 920
insert 921 1 46124
join 920 46099 921 922
insert 923 1 46250
join 922 46214 923 924
insert 925 1 46328
join 924 46310 925 926
insert 927 1 46408
join 926 46371 927 928
insert 929 1 46518
join 928 46436 929 930
insert 931 1 46549
join 930 46539 931 932
insert 933 1 46692
join 932 46604 933 934
insert 935 1 46732
join 934 46717 935 936
insert 937 1 46839
join 936 46802 937 938
insert 939 1 46900
join 938 46892 939 940
insert 941 1 47005
join 940 46922 941 942
insert 943 1 47112
join 942 47055 943 944
insert 945 1 47236
join 944 47209 945 946
insert 947 1 47331
join 946 47262 947 948
insert 949 1 47453
join 948 47402 949 950
insert 951 1 47512
join 950 47502 951 952
insert 953 1 47579
join 952 47540 953 954
insert 955 1 47765
join 954 47677 955 956
insert 957 1 47868
join 956 47775 957 958
insert 959 1 48035
join 958 47945 959 960
insert 961 1 48210
join 960 48111 961 962
insert 963 1 48293
join 962 48262 963 964
insert 965 1 48457
join 964 48380 965 966
insert 967 1 48613
join 966 48556 967 968
insert 969 1 48731
join 968 48679 969 970
insert 971 1 48789
join 970 48748 971 972
insert 973 1 48892
join 972 48824 973 974
insert 975 1 49074
join 974 48990 975 976
insert 977 1 49245
join 976 49169 977 978
insert 979 1 49316
join 978 49250 979 980
insert 981 1 49398
join 980 49344 981 982
insert 983 1 49434
join 982 49426 983 984
insert 985 1 49605
join 984 49527 985 986
insert 987 1 49757
join 986 49702 987 988
insert 989 1 49903
join 988 49829 989 990
insert 991 1 49948
join 990 49948 991 992
insert 993 1 50070
join 992 49973 993 994
insert 995 1 50165
join 994 50153 995 996
insert 997 1 50274
join 996 50192 997 998
select 998 500
