100
9 90
2 10 1 1 1 
3 11 1 2 1 0 1 
3 12 1 3 1 1 1 
3 13 1 4 1 2 1 
3 14 1 5 1 3 1 
3 15 1 6 1 4 1 
3 16 1 7 1 5 1 
3 17 1 8 1 6 1 
3 18 1 9 1 7 1 
2 19 1 8 1 
3 20 1 0 1 11 1 
4 21 1 1 1 12 1 10 1 
4 22 1 2 1 13 1 11 1 
4 23 1 3 1 14 1 12 1 
4 24 1 4 1 15 1 13 1 
4 25 1 5 1 16 1 14 1 
4 26 1 6 1 17 1 15 1 
4 27 1 7 1 18 1 16 1 
4 28 1 8 1 19 1 17 1 
3 29 1 9 1 18 1 
3 30 1 10 1 21 1 
4 31 1 11 1 22 1 20 1 
4 32 1 12 1 23 1 21 1 
4 33 1 13 1 24 1 22 1 
4 34 1 14 1 25 1 23 1 
4 35 1 15 1 26 1 24 1 
4 36 1 16 1 27 1 25 1 
4 37 1 17 1 28 1 26 1 
4 38 1 18 1 29 1 27 1 
3 39 1 19 1 28 1 
3 40 1 20 1 31 1 
4 41 1 21 1 32 1 30 1 
4 42 1 22 1 33 1 31 1 
4 43 1 23 1 34 1 32 1 
4 44 1 24 1 35 1 33 1 
4 45 1 25 1 36 1 34 1 
4 46 1 26 1 37 1 35 1 
4 47 1 27 1 38 1 36 1 
4 48 1 28 1 39 1 37 1 
3 49 1 29 1 38 1 
3 50 1 30 1 41 1 
4 51 1 31 1 42 1 40 1 
4 52 1 32 1 43 1 41 1 
4 53 1 33 1 44 1 42 1 
4 54 1 34 1 45 1 43 1 
4 55 1 35 1 46 1 44 1 
4 56 1 36 1 47 1 45 1 
4 57 1 37 1 48 1 46 1 
4 58 1 38 1 49 1 47 1 
3 59 1 39 1 48 1 
3 60 1 40 1 51 1 
4 61 1 41 1 52 1 50 1 
4 62 1 42 1 53 1 51 1 
4 63 1 43 1 54 1 52 1 
4 64 1 44 1 55 1 53 1 
4 65 1 45 1 56 1 54 1 
4 66 1 46 1 57 1 55 1 
4 67 1 47 1 58 1 56 1 
4 68 1 48 1 59 1 57 1 
3 69 1 49 1 58 1 
3 70 1 50 1 61 1 
4 71 1 51 1 62 1 60 1 
4 72 1 52 1 63 1 61 1 
4 73 1 53 1 64 1 62 1 
4 74 1 54 1 65 1 63 1 
4 75 1 55 1 66 1 64 1 
4 76 1 56 1 67 1 65 1 
4 77 1 57 1 68 1 66 1 
4 78 1 58 1 69 1 67 1 
3 79 1 59 1 68 1 
3 80 1 60 1 71 1 
4 81 1 61 1 72 1 70 1 
4 82 1 62 1 73 1 71 1 
4 83 1 63 1 74 1 72 1 
4 84 1 64 1 75 1 73 1 
4 85 1 65 1 76 1 74 1 
4 86 1 66 1 77 1 75 1 
4 87 1 67 1 78 1 76 1 
4 88 1 68 1 79 1 77 1 
3 89 1 69 1 78 1 
3 90 1 70 1 81 1 
4 91 1 71 1 82 1 80 1 
4 92 1 72 1 83 1 81 1 
4 93 1 73 1 84 1 82 1 
4 94 1 74 1 85 1 83 1 
4 95 1 75 1 86 1 84 1 
4 96 1 76 1 87 1 85 1 
4 97 1 77 1 88 1 86 1 
4 98 1 78 1 89 1 87 1 
3 99 1 79 1 88 1 
2 80 1 91 1 
3 81 1 92 1 90 1 
3 82 1 93 1 91 1 
3 83 1 94 1 92 1 
3 84 1 95 1 93 1 
3 85 1 96 1 94 1 
3 86 1 97 1 95 1 
3 87 1 98 1 96 1 
3 88 1 99 1 97 1 
2 89 1 98 1 
10
0 11 22 33 44 55 66 77 88 99 
