100
9 90
2 10 2 1 4 
3 11 8 2 10 0 4 
3 12 7 3 2 1 10 
3 13 3 4 1 2 2 
3 14 9 5 7 3 1 
3 15 3 6 10 4 7 
3 16 1 7 8 5 10 
3 17 3 8 2 6 8 
3 18 8 9 3 7 2 
2 19 4 8 3 
3 20 10 0 2 11 8 
4 21 2 1 8 12 2 10 8 
4 22 10 2 7 13 10 11 2 
4 23 10 3 3 14 4 12 10 
4 24 4 4 9 15 8 13 4 
4 25 5 5 3 16 7 14 8 
4 26 2 6 1 17 2 15 7 
4 27 10 7 3 18 5 16 2 
4 28 5 8 8 19 3 17 5 
3 29 7 9 4 18 3 
3 30 2 10 10 21 4 
4 31 5 11 2 22 9 20 4 
4 32 8 12 10 23 5 21 9 
4 33 9 13 10 24 7 22 5 
4 34 3 14 4 25 5 23 7 
4 35 10 15 5 26 1 24 5 
4 36 10 16 2 27 9 25 1 
4 37 1 17 10 28 4 26 9 
4 38 4 18 5 29 6 27 4 
3 39 4 19 7 28 6 
3 40 8 20 2 31 2 
4 41 5 21 5 32 5 30 2 
4 42 7 22 8 33 5 31 5 
4 43 10 23 9 34 8 32 5 
4 44 1 24 3 35 1 33 8 
4 45 8 25 10 36 8 34 1 
4 46 2 26 10 37 2 35 8 
4 47 9 27 1 38 1 36 2 
4 48 9 28 4 39 7 37 1 
3 49 6 29 4 38 7 
3 50 4 30 8 41 8 
4 51 8 31 5 42 9 40 8 
4 52 4 32 7 43 4 41 9 
4 53 8 33 10 44 2 42 4 
4 54 7 34 1 45 3 43 2 
4 55 9 35 8 46 8 44 3 
4 56 6 36 2 47 5 45 8 
4 57 7 37 9 48 7 46 5 
4 58 4 38 9 49 3 47 7 
3 59 3 39 6 48 3 
3 60 6 40 4 51 6 
4 61 9 41 8 52 1 50 6 
4 62 1 42 4 53 9 51 1 
4 63 1 43 8 54 5 52 9 
4 64 1 44 7 55 1 53 5 
4 65 3 45 9 56 6 54 1 
4 66 6 46 6 57 2 55 6 
4 67 10 47 7 58 6 56 2 
4 68 7 48 4 59 5 57 6 
3 69 6 49 3 58 5 
3 70 3 50 6 61 6 
4 71 2 51 9 62 5 60 6 
4 72 10 52 1 63 5 61 5 
4 73 3 53 1 64 4 62 5 
4 74 6 54 1 65 9 63 4 
4 75 9 55 3 66 10 64 9 
4 76 7 56 6 67 7 65 10 
4 77 1 57 10 68 9 66 7 
4 78 3 58 7 69 9 67 9 
3 79 9 59 6 68 9 
3 80 10 60 3 71 9 
4 81 7 61 2 72 3 70 9 
4 82 7 62 10 73 1 71 3 
4 83 7 63 3 74 3 72 1 
4 84 9 64 6 75 2 73 3 
4 85 8 65 9 76 7 74 2 
4 86 9 66 7 77 7 75 7 
4 87 6 67 1 78 7 76 7 
4 88 6 68 3 79 7 77 7 
3 89 7 69 9 78 7 
3 90 6 70 10 81 6 
4 91 1 71 7 82 6 80 6 
4 92 2 72 7 83 4 81 6 
4 93 9 73 7 84 4 82 4 
4 94 1 74 9 85 7 83 4 
4 95 9 75 8 86 9 84 7 
4 96 8 76 9 87 2 85 9 
4 97 1 77 6 88 9 86 2 
4 98 4 78 6 89 7 87 9 
3 99 1 79 7 88 7 
2 80 6 91 10 
3 81 1 92 2 90 10 
3 82 2 93 8 91 2 
3 83 9 94 9 92 8 
3 84 1 95 6 93 9 
3 85 9 96 3 94 6 
3 86 8 97 10 95 3 
3 87 1 98 9 96 10 
3 88 4 99 1 97 9 
2 89 1 98 1 
30
1 3 4 10 12 14 20 23 33 35 36 37 43 44 48 49 50 52 53 56 57 64 67 78 79 86 89 93 96 98 
